Date;Rue;Latitude;Longitude;Vitesse;Etat;Distance;Infos
14/12/23 04:53:53;Inconnu, La Tronche;45.198204;5.756194;;DEPOT;0;
14/12/23 04:53:53;Inconnu, La Tronche;45.198204;5.756194;;DEPOT;0;
14/12/23 04:53:53;Inconnu, La Tronche;45.198204;5.756194;;DEPOT;0;
14/12/23 04:54:00;Inconnu, La Tronche;45.198204;5.756194;0.0;DEPOT;33;
14/12/23 05:06:36;Inconnu, La Tronche;45.198395;5.756509;19.0;HAUT LE PIED;60;
14/12/23 05:06:44;Chemin de la Tuilerie, La Tronche;45.19862;5.75721;27.0;HAUT LE PIED;127;
14/12/23 05:06:57;Chemin de la Tuilerie, La Tronche;45.199104;5.758682;43.0;HAUT LE PIED;72;
14/12/23 05:07:05;Inconnu, La Tronche;45.199303;5.759552;29.0;HAUT LE PIED;22;
14/12/23 05:07:08;Inconnu, La Tronche;45.199329;5.759836;28.0;HAUT LE PIED;21;
14/12/23 05:07:11;Inconnu, La Tronche;45.199291;5.760099;26.0;HAUT LE PIED;24;
14/12/23 05:07:14;Inconnu, La Tronche;45.199085;5.760207;29.0;HAUT LE PIED;25;
14/12/23 05:07:16;Inconnu, La Tronche;45.198875;5.760333;32.0;HAUT LE PIED;84;
14/12/23 05:07:25;Inconnu, La Tronche;45.198185;5.760778;23.0;HAUT LE PIED;19;
14/12/23 05:07:28;Chemin de la Tuilerie, La Tronche;45.198071;5.760956;22.0;HAUT LE PIED;16;
14/12/23 05:07:32;Chemin de la Tuilerie, La Tronche;45.198124;5.761148;23.0;HAUT LE PIED;18;
14/12/23 05:07:34;Chemin de la Tuilerie, La Tronche;45.19828;5.761102;22.0;HAUT LE PIED;188;
14/12/23 05:07:53;Chemin de la Tuilerie, La Tronche;45.199776;5.75998;40.0;HAUT LE PIED;103;
14/12/23 05:08:03;A 41s, Meylan;45.200531;5.759209;19.0;HAUT LE PIED;17;
14/12/23 05:08:05;A 41s, Meylan;45.200619;5.759381;25.0;HAUT LE PIED;523;
14/12/23 05:08:37;A 41s, Meylan;45.20182;5.765831;81.0;HAUT LE PIED;505;
14/12/23 05:08:57;A 41s, Meylan;45.202759;5.772139;87.0;HAUT LE PIED;620;
14/12/23 05:09:24;Inconnu, Meylan;45.203659;5.77995;74.0;HAUT LE PIED;58;
14/12/23 05:09:26;Inconnu, Meylan;45.203648;5.780695;68.0;HAUT LE PIED;55;
14/12/23 05:09:29;Inconnu, Meylan;45.203434;5.78133;66.0;HAUT LE PIED;55;
14/12/23 05:09:32;Inconnu, Meylan;45.203041;5.781747;67.0;HAUT LE PIED;56;
14/12/23 05:09:35;Inconnu, Meylan;45.202545;5.781872;71.0;HAUT LE PIED;61;
14/12/23 05:09:39;Inconnu, Meylan;45.202015;5.781664;75.0;HAUT LE PIED;272;
14/12/23 05:09:50;Rocade Sud, Meylan;45.199696;5.780581;86.0;HAUT LE PIED;97;
14/12/23 05:09:55;Rocade Sud, Meylan;45.198826;5.780548;88.0;HAUT LE PIED;146;
14/12/23 05:10:01;Rocade Sud, Meylan;45.197548;5.780974;88.0;HAUT LE PIED;293;
14/12/23 05:10:13;Rocade Sud, Meylan;45.194996;5.781889;88.0;HAUT LE PIED;244;
14/12/23 05:10:23;Rocade Sud, Meylan;45.192802;5.781991;87.0;HAUT LE PIED;613;
14/12/23 05:10:47;Rocade Sud, Gières;45.187298;5.781601;88.0;HAUT LE PIED;267;
14/12/23 05:10:58;Rocade Sud, Gières;45.184971;5.780763;84.0;HAUT LE PIED;191;
14/12/23 05:11:09;Inconnu, Saint-Martin-d'Hères;45.183411;5.779738;53.0;HAUT LE PIED;41;
14/12/23 05:11:11;Inconnu, Saint-Martin-d'Hères;45.183189;5.779315;51.0;HAUT LE PIED;42;
14/12/23 05:11:15;Inconnu, Saint-Martin-d'Hères;45.183136;5.778788;50.0;HAUT LE PIED;41;
14/12/23 05:11:18;Inconnu, Saint-Martin-d'Hères;45.183071;5.778276;48.0;HAUT LE PIED;39;
14/12/23 05:11:21;Inconnu, Saint-Martin-d'Hères;45.182854;5.777881;48.0;HAUT LE PIED;76;
14/12/23 05:11:28;Inconnu, Saint-Martin-d'Hères;45.182312;5.777286;25.0;HAUT LE PIED;20;
14/12/23 05:11:32;Inconnu, Saint-Martin-d'Hères;45.182152;5.777389;29.0;HAUT LE PIED;25;
14/12/23 05:11:34;Inconnu, Saint-Martin-d'Hères;45.182137;5.777713;36.0;HAUT LE PIED;33;
14/12/23 05:11:37;D 523, Saint-Martin-d'Hères;45.182098;5.77813;46.0;HAUT LE PIED;225;
14/12/23 05:11:51;D 523, Saint-Martin-d'Hères;45.181538;5.780889;75.0;HAUT LE PIED;219;
14/12/23 05:12:01;Avenue Esclangon, Gières;45.181324;5.783667;72.0;HAUT LE PIED;195;
14/12/23 05:12:14;D 523, Gières;45.181393;5.786154;27.0;HAUT LE PIED;21;
14/12/23 05:12:18;D 523, Gières;45.181427;5.786422;26.0;HAUT LE PIED;19;
14/12/23 05:12:21;Inconnu, Gières;45.181377;5.786657;21.0;HAUT LE PIED;14;
14/12/23 05:12:23;Rue du Docteur Vallois, Gières;45.181263;5.786734;20.0;HAUT LE PIED;17;
14/12/23 05:12:27;Rue du Docteur Vallois, Gières;45.181141;5.786594;25.0;HAUT LE PIED;270;
14/12/23 05:12:51;Rue du Docteur Vallois, Gières;45.180008;5.783546;48.0;HAUT LE PIED;366;
14/12/23 05:13:22;Avenue Jean Jaurès, Saint-Martin-d'Hères;45.17844;5.779445;15.0;HAUT LE PIED;10;
14/12/23 05:13:52;Inconnu, Saint-Martin-d'Hères;45.178413;5.779328;0.0;ARRET;27;
14/12/23 05:14:45;Rue Aristide Bruant, Saint-Martin-d'Hères;45.178295;5.779034;6.0;HAUT LE PIED;12;
14/12/23 05:15:15;Avenue Jean Jaurès, Saint-Martin-d'Hères;45.178272;5.778886;0.0;ARRET;30;
14/12/23 05:15:49;Avenue Jean Jaurès, Saint-Martin-d'Hères;45.178131;5.778561;24.0;HAUT LE PIED;26;
14/12/23 05:16:21;Avenue Jean Jaurès, Saint-Martin-d'Hères;45.178013;5.778271;0.0;ARRET;27;
14/12/23 05:17:53;Anguisses, Saint-Martin-d'Hères;45.177891;5.777977;7.0;HAUT LE PIED;39;
14/12/23 05:18:01;Avenue Jean Jaurès, Saint-Martin-d'Hères;45.177761;5.777515;26.0;HAUT LE PIED;29;
14/12/23 05:18:31;Inconnu, Saint-Martin-d'Hères;45.17775;5.777144;0.0;ARRET;26;
14/12/23 05:19:02;Avenue Jean Jaurès, Saint-Martin-d'Hères;45.177799;5.776824;21.0;HAUT LE PIED;77;
14/12/23 05:19:32;Avenue Jean Jaurès, Saint-Martin-d'Hères;45.178066;5.775913;0.0;ARRET;30;
14/12/23 05:19:47;Inconnu, Saint-Martin-d'Hères;45.178158;5.775548;19.0;HAUT LE PIED;45;
14/12/23 05:20:17;Avenue Jean Jaurès, Saint-Martin-d'Hères;45.178272;5.774993;8.0;HAUT LE PIED;5;
14/12/23 05:20:48;Avenue Jean Jaurès, Saint-Martin-d'Hères;45.17828;5.774933;0.0;ARRET;29;
14/12/23 05:21:01;Avenue Jean Jaurès, Saint-Martin-d'Hères;45.178379;5.774597;21.0;HAUT LE PIED;15;
14/12/23 05:21:04;Rue Marcel Chabloz, Saint-Martin-d'Hères;45.178474;5.774456;18.0;HAUT LE PIED;13;
14/12/23 05:21:06;Rue Marcel Chabloz, Saint-Martin-d'Hères;45.178581;5.774532;19.0;HAUT LE PIED;239;
14/12/23 05:21:36;Rue Marcel Chabloz, Saint-Martin-d'Hères;45.179974;5.77686;28.0;HAUT LE PIED;33;
14/12/23 05:22:07;Rue Marcel Chabloz, Saint-Martin-d'Hères;45.180149;5.777194;0.0;ARRET;27;
14/12/23 05:22:23;Rue Marcel Chabloz, Saint-Martin-d'Hères;45.180241;5.777509;9.0;HAUT LE PIED;10;
14/12/23 05:22:25;Rue Marcel Chabloz, Saint-Martin-d'Hères;45.180321;5.777554;14.0;HAUT LE PIED;12;
14/12/23 05:22:28;Rue Marcel Chabloz, Saint-Martin-d'Hères;45.180386;5.777429;13.0;HAUT LE PIED;16;
14/12/23 05:22:31;Rue Marcel Chabloz, Saint-Martin-d'Hères;45.180279;5.777299;12.0;HAUT LE PIED;10;
14/12/23 05:22:35;Rue Marcel Chabloz, Saint-Martin-d'Hères;45.180214;5.777205;10.0;HAUT LE PIED;215;
14/12/23 05:23:06;Rue Marcel Chabloz, Saint-Martin-d'Hères;45.178928;5.775167;28.0;HAUT LE PIED;84;
14/12/23 05:23:22;Rue Marcel Chabloz, Saint-Martin-d'Hères;45.178482;5.774299;10.0;HAUT LE PIED;14;
14/12/23 05:23:26;Avenue Jean Jaurès, Saint-Martin-d'Hères;45.178516;5.774122;23.0;HAUT LE PIED;84;
14/12/23 05:23:57;Galochère, Saint-Martin-d'Hères;45.178818;5.773136;9.0;HAUT LE PIED;75;
14/12/23 05:24:28;Avenue Jean Jaurès, Saint-Martin-d'Hères;45.17905;5.772235;25.0;HAUT LE PIED;38;
14/12/23 05:24:59;Inconnu, Saint-Martin-d'Hères;45.179184;5.771784;0.0;ARRET;28;
14/12/23 05:25:31;Avenue Jean Jaurès, Saint-Martin-d'Hères;45.179237;5.771439;23.0;HAUT LE PIED;58;
14/12/23 05:26:01;Avenue Jean Jaurès, Saint-Martin-d'Hères;45.179443;5.770763;0.0;ARRET;30;
14/12/23 05:27:15;Inconnu, Saint-Martin-d'Hères;45.179543;5.770407;24.0;HAUT LE PIED;48;
14/12/23 05:27:22;Rue Elsa Triolet, Saint-Martin-d'Hères;45.179703;5.769843;16.0;HAUT LE PIED;14;
14/12/23 05:27:24;Rue Elsa Triolet, Saint-Martin-d'Hères;45.179825;5.769833;21.0;HAUT LE PIED;104;
14/12/23 05:27:54;Rue Elsa Triolet, Saint-Martin-d'Hères;45.180672;5.770381;0.0;ARRET;27;
14/12/23 05:28:53;Rue Elsa Triolet, Saint-Martin-d'Hères;45.180904;5.770479;22.0;HAUT LE PIED;20;
14/12/23 05:28:56;Rue Elsa Triolet, Saint-Martin-d'Hères;45.181034;5.770649;26.0;HAUT LE PIED;64;
14/12/23 05:29:05;Rue Elsa Triolet, Saint-Martin-d'Hères;45.181278;5.771395;17.0;HAUT LE PIED;12;
14/12/23 05:29:09;Rue des Éparres, Saint-Martin-d'Hères;45.181293;5.771551;17.0;HAUT LE PIED;56;
14/12/23 05:29:40;Rue des Éparres, Saint-Martin-d'Hères;45.180977;5.772102;5.0;HAUT LE PIED;29;
14/12/23 05:30:25;Rue des Éparres, Saint-Martin-d'Hères;45.180817;5.77239;23.0;HAUT LE PIED;21;
14/12/23 05:30:27;Rue des Éparres, Saint-Martin-d'Hères;45.180683;5.772575;27.0;HAUT LE PIED;74;
14/12/23 05:30:58;Rue des Éparres, Saint-Martin-d'Hères;45.180103;5.773035;7.0;HAUT LE PIED;36;
14/12/23 05:31:29;Rue des Éparres, Saint-Martin-d'Hères;45.179829;5.773274;0.0;ARRET;28;
14/12/23 05:32:05;Rue des Éparres, Saint-Martin-d'Hères;45.17963;5.773486;9.0;HAUT LE PIED;23;
14/12/23 05:32:36;Rue des Éparres, Saint-Martin-d'Hères;45.179462;5.773658;0.0;ARRET;25;
14/12/23 05:32:51;Rue des Éparres, Saint-Martin-d'Hères;45.179291;5.773859;18.0;HAUT LE PIED;36;
14/12/23 05:33:21;Rue des Éparres, Saint-Martin-d'Hères;45.179043;5.774144;0.0;ARRET;30;
14/12/23 05:33:49;Rue des Éparres, Saint-Martin-d'Hères;45.17881;5.77394;24.0;HAUT LE PIED;15;
14/12/23 05:33:51;Rue des Éparres, Saint-Martin-d'Hères;45.178692;5.773846;13.0;HAUT LE PIED;9;
14/12/23 05:33:55;Rue des Éparres, Saint-Martin-d'Hères;45.178616;5.773823;8.0;HAUT LE PIED;7;
14/12/23 05:33:59;Rocade Sud, Saint-Martin-d'Hères;45.178562;5.773864;9.0;HAUT LE PIED;16;
14/12/23 05:34:01;Avenue Jean Jaurès, Saint-Martin-d'Hères;45.178493;5.774049;16.0;HAUT LE PIED;33;
14/12/23 05:34:32;Avenue Jean Jaurès, Saint-Martin-d'Hères;45.178356;5.774419;0.0;ARRET;27;
14/12/23 05:35:08;Avenue Jean Jaurès, Saint-Martin-d'Hères;45.178299;5.774754;21.0;HAUT LE PIED;12;
14/12/23 05:35:11;Avenue Jean Jaurès, Saint-Martin-d'Hères;45.178246;5.774882;12.0;HAUT LE PIED;12;
14/12/23 05:35:41;Avenue Jean Jaurès, Saint-Martin-d'Hères;45.178207;5.775024;0.0;ARRET;26;
14/12/23 05:36:29;Avenue Jean Jaurès, Saint-Martin-d'Hères;45.178139;5.77534;6.0;HAUT LE PIED;40;
14/12/23 05:36:59;Avenue Jean Jaurès, Saint-Martin-d'Hères;45.178032;5.775831;0.0;ARRET;72;
14/12/23 05:37:30;Avenue Jean Jaurès, Saint-Martin-d'Hères;45.177765;5.77667;23.0;HAUT LE PIED;39;
14/12/23 05:37:55;D 269, Saint-Martin-d'Hères;45.177616;5.777115;17.0;HAUT LE PIED;13;
14/12/23 05:37:59;Avenue de la Galochère, Saint-Martin-d'Hères;45.177505;5.777075;16.0;HAUT LE PIED;20;
14/12/23 05:38:01;Avenue de la Galochère, Saint-Martin-d'Hères;45.177406;5.776861;28.0;HAUT LE PIED;59;
14/12/23 05:38:31;Avenue de la Galochère, Saint-Martin-d'Hères;45.177132;5.776224;17.0;HAUT LE PIED;35;
14/12/23 05:39:02;Avenue de la Galochère, Saint-Martin-d'Hères;45.176968;5.775848;0.0;ARRET;28;
14/12/23 05:39:14;Avenue de la Galochère, Saint-Martin-d'Hères;45.176804;5.775572;25.0;HAUT LE PIED;32;
14/12/23 05:39:44;Avenue de la Galochère, Saint-Martin-d'Hères;45.176636;5.775248;0.0;ARRET;28;
14/12/23 05:39:51;Avenue de la Galochère, Saint-Martin-d'Hères;45.176559;5.774914;23.0;HAUT LE PIED;21;
14/12/23 05:39:54;Rue Paul Monval, Saint-Martin-d'Hères;45.176613;5.774654;21.0;HAUT LE PIED;21;
14/12/23 05:39:58;Rue Paul Monval, Saint-Martin-d'Hères;45.176746;5.774467;12.0;HAUT LE PIED;8;
14/12/23 05:40:29;Rue Paul Monval, Saint-Martin-d'Hères;45.176785;5.774388;0.0;ARRET;30;
14/12/23 05:41:43;Rue Paul Monval, Saint-Martin-d'Hères;45.176949;5.774086;20.0;HAUT LE PIED;42;
14/12/23 05:42:13;Rue Paul Monval, Saint-Martin-d'Hères;45.177124;5.773611;0.0;ARRET;25;
14/12/23 05:42:52;Rue Paul Monval, Saint-Martin-d'Hères;45.177227;5.773323;7.0;HAUT LE PIED;24;
14/12/23 05:43:22;Rue Paul Monval, Saint-Martin-d'Hères;45.177288;5.773027;0.0;ARRET;27;
14/12/23 05:44:29;Rue Paul Monval, Saint-Martin-d'Hères;45.177284;5.772684;8.0;HAUT LE PIED;11;
14/12/23 05:44:59;Rue Paul Monval, Saint-Martin-d'Hères;45.17725;5.772551;0.0;ARRET;27;
14/12/23 05:45:06;Rue Paul Monval, Saint-Martin-d'Hères;45.177227;5.772206;11.0;HAUT LE PIED;25;
14/12/23 05:45:34;Allée de la Rocade, Saint-Martin-d'Hères;45.177334;5.771925;13.0;HAUT LE PIED;12;
14/12/23 05:45:36;Allée de la Rocade, Saint-Martin-d'Hères;45.177402;5.772043;15.0;HAUT LE PIED;55;
14/12/23 05:46:07;Allée de la Rocade, Saint-Martin-d'Hères;45.177635;5.772657;6.0;HAUT LE PIED;27;
14/12/23 05:46:37;Allée de la Rocade, Saint-Martin-d'Hères;45.177776;5.772932;26.0;HAUT LE PIED;72;
14/12/23 05:47:08;Allée de la Rocade, Saint-Martin-d'Hères;45.178165;5.773658;0.0;ARRET;29;
14/12/23 05:47:32;Allée de la Rocade, Saint-Martin-d'Hères;45.178318;5.77396;25.0;HAUT LE PIED;22;
14/12/23 05:47:36;Allée de la Rocade, Saint-Martin-d'Hères;45.178429;5.774197;10.0;HAUT LE PIED;14;
14/12/23 05:47:39;Avenue Jean Jaurès, Saint-Martin-d'Hères;45.178417;5.774372;23.0;HAUT LE PIED;233;
14/12/23 05:48:01;D 269, Saint-Martin-d'Hères;45.17762;5.777113;21.0;HAUT LE PIED;16;
14/12/23 05:48:04;Avenue de la Galochère, Saint-Martin-d'Hères;45.17749;5.777035;24.0;HAUT LE PIED;195;
14/12/23 05:48:22;Avenue de la Galochère, Saint-Martin-d'Hères;45.176563;5.774918;36.0;HAUT LE PIED;42;
14/12/23 05:48:27;Avenue de la Galochère, Saint-Martin-d'Hères;45.17646;5.7744;42.0;HAUT LE PIED;124;
14/12/23 05:48:35;Avenue de la Galochère, Saint-Martin-d'Hères;45.175819;5.773102;56.0;HAUT LE PIED;138;
14/12/23 05:48:46;Avenue de la Galochère, Saint-Martin-d'Hères;45.174938;5.77187;32.0;HAUT LE PIED;20;
14/12/23 05:48:50;Chemin des Onzée, Saint-Martin-d'Hères;45.174873;5.771636;13.0;HAUT LE PIED;24;
14/12/23 05:49:20;Avenue de la Galochère, Saint-Martin-d'Hères;45.174728;5.771401;0.0;ARRET;136;
14/12/23 05:50:16;Chemin du Pavé, Saint-Martin-d'Hères;45.173805;5.770272;11.0;HAUT LE PIED;84;
14/12/23 05:50:30;Avenue de la Galochère, Saint-Martin-d'Hères;45.173222;5.769598;17.0;HAUT LE PIED;12;
14/12/23 05:50:33;Avenue de la Galochère, Saint-Martin-d'Hères;45.173126;5.769655;10.0;HAUT LE PIED;21;
14/12/23 05:51:04;Avenue de la Galochère, Saint-Martin-d'Hères;45.173012;5.769863;0.0;ARRET;29;
14/12/23 05:52:01;Avenue de la Galochère, Saint-Martin-d'Hères;45.172779;5.770014;11.0;HAUT LE PIED;12;
14/12/23 05:52:04;Avenue de la Galochère, Saint-Martin-d'Hères;45.172703;5.769913;13.0;HAUT LE PIED;114;
14/12/23 05:52:36;Avenue de la Galochère, Saint-Martin-d'Hères;45.171982;5.768876;0.0;ARRET;28;
14/12/23 05:53:25;Rue du Commandant Komarov, Saint-Martin-d'Hères;45.171864;5.768567;19.0;HAUT LE PIED;26;
14/12/23 05:53:48;Rue du Commandant Komarov, Saint-Martin-d'Hères;45.171883;5.768231;12.0;HAUT LE PIED;11;
14/12/23 05:54:19;Rue du Commandant Komarov, Saint-Martin-d'Hères;45.171852;5.768099;0.0;ARRET;39;
14/12/23 05:59:15;Rue du Commandant Komarov, Saint-Martin-d'Hères;45.172009;5.767649;6.0;HAUT LE PIED;1;
14/12/23 05:59:45;Rue du Commandant Komarov, Saint-Martin-d'Hères;45.172005;5.767664;0.0;ARRET;25;
14/12/23 06:01:14;Rue du Commandant Komarov, Saint-Martin-d'Hères;45.17223;5.767716;18.0;HAUT LE PIED;31;
14/12/23 06:01:46;Rue du Commandant Komarov, Saint-Martin-d'Hères;45.172508;5.767781;0.0;ARRET;28;
14/12/23 06:03:21;Rue du Commandant Komarov, Saint-Martin-d'Hères;45.172695;5.767545;18.0;HAUT LE PIED;51;
14/12/23 06:03:29;Rue du Commandant Komarov, Saint-Martin-d'Hères;45.172897;5.766956;14.0;HAUT LE PIED;15;
14/12/23 06:03:32;Rue Normandie-Niemen, Saint-Martin-d'Hères;45.172874;5.766765;20.0;HAUT LE PIED;69;
14/12/23 06:04:03;Rue Normandie-Niemen, Saint-Martin-d'Hères;45.172573;5.766003;0.0;ARRET;29;
14/12/23 06:04:42;Rue Normandie-Niemen, Saint-Martin-d'Hères;45.172474;5.765665;27.0;HAUT LE PIED;51;
14/12/23 06:04:51;Rue Normandie-Niemen, Saint-Martin-d'Hères;45.172287;5.765073;14.0;HAUT LE PIED;11;
14/12/23 06:04:53;Rue de Malfangeat, Saint-Martin-d'Hères;45.172203;5.76501;11.0;HAUT LE PIED;1;
14/12/23 06:05:24;Rue de Malfangeat, Saint-Martin-d'Hères;45.172215;5.765008;0.0;ARRET;30;
14/12/23 06:05:51;Les Alloves, Saint-Martin-d'Hères;45.171947;5.764948;25.0;HAUT LE PIED;80;
14/12/23 06:06:23;Rue de Malfangeat, Saint-Martin-d'Hères;45.171242;5.764723;0.0;ARRET;28;
14/12/23 06:06:49;Rue de Malfangeat, Saint-Martin-d'Hères;45.171005;5.764592;12.0;HAUT LE PIED;40;
14/12/23 06:07:19;Rue de Malfangeat, Saint-Martin-d'Hères;45.170689;5.764344;25.0;HAUT LE PIED;26;
14/12/23 06:07:49;Rue Paul Gauguin, Saint-Martin-d'Hères;45.170467;5.764222;0.0;ARRET;28;
14/12/23 06:09:03;Rue de Malfangeat, Saint-Martin-d'Hères;45.170258;5.764022;17.0;HAUT LE PIED;15;
14/12/23 06:09:06;Rue de Malfangeat, Saint-Martin-d'Hères;45.170246;5.76383;22.0;HAUT LE PIED;69;
14/12/23 06:09:17;Rue de Malfangeat, Saint-Martin-d'Hères;45.17038;5.762965;12.0;HAUT LE PIED;44;
14/12/23 06:09:47;Inconnu, Saint-Martin-d'Hères;45.170319;5.76241;14.0;HAUT LE PIED;26;
14/12/23 06:10:08;Rue de Malfangeat, Saint-Martin-d'Hères;45.17028;5.762084;19.0;HAUT LE PIED;16;
14/12/23 06:10:11;Rue de Malfangeat, Saint-Martin-d'Hères;45.170177;5.761938;22.0;HAUT LE PIED;17;
14/12/23 06:10:14;Rue de Malfangeat, Saint-Martin-d'Hères;45.170029;5.761971;22.0;HAUT LE PIED;36;
14/12/23 06:10:21;Rue de Malfangeat, Saint-Martin-d'Hères;45.169788;5.762274;14.0;HAUT LE PIED;5;
14/12/23 06:10:51;Inconnu, Saint-Martin-d'Hères;45.169746;5.762309;0.0;ARRET;28;
14/12/23 06:12:07;Rue de Malfangeat, Saint-Martin-d'Hères;45.169533;5.762498;21.0;HAUT LE PIED;15;
14/12/23 06:12:10;Rue de Malfangeat, Saint-Martin-d'Hères;45.169395;5.762511;14.0;HAUT LE PIED;15;
14/12/23 06:12:41;Rue de Malfangeat, Saint-Martin-d'Hères;45.169262;5.76254;0.0;ARRET;29;
14/12/23 06:14:34;Rue de Malfangeat, Saint-Martin-d'Hères;45.169006;5.762614;24.0;HAUT LE PIED;42;
14/12/23 06:14:41;Rue de Malfangeat, Saint-Martin-d'Hères;45.16864;5.762738;14.0;HAUT LE PIED;12;
14/12/23 06:14:45;Rue Émile Combes, Saint-Martin-d'Hères;45.168583;5.762868;16.0;HAUT LE PIED;14;
14/12/23 06:14:47;Rue Émile Combes, Saint-Martin-d'Hères;45.168678;5.762986;17.0;HAUT LE PIED;30;
14/12/23 06:15:18;Rue Émile Combes, Saint-Martin-d'Hères;45.168919;5.763143;0.0;ARRET;29;
14/12/23 06:16:41;Rue Émile Combes, Saint-Martin-d'Hères;45.169147;5.763332;22.0;HAUT LE PIED;27;
14/12/23 06:17:12;Rue Émile Combes, Saint-Martin-d'Hères;45.169365;5.763481;8.0;HAUT LE PIED;18;
14/12/23 06:17:16;Rue Émile Combes, Saint-Martin-d'Hères;45.169514;5.763556;20.0;HAUT LE PIED;50;
14/12/23 06:17:46;Rue Toulouse Lautrec, Saint-Martin-d'Hères;45.169903;5.76387;0.0;ARRET;27;
14/12/23 06:19:59;Rue Émile Combes, Saint-Martin-d'Hères;45.170139;5.76397;6.0;HAUT LE PIED;19;
14/12/23 06:20:29;Rue de Malfangeat, Saint-Martin-d'Hères;45.170273;5.76411;0.0;ARRET;25;
14/12/23 06:21:01;Rue de Malfangeat, Saint-Martin-d'Hères;45.170471;5.76427;9.0;HAUT LE PIED;5;
14/12/23 06:21:32;Rue de Malfangeat, Saint-Martin-d'Hères;45.170506;5.764314;0.0;ARRET;52;
14/12/23 06:22:07;Rue de Malfangeat, Saint-Martin-d'Hères;45.170933;5.764587;6.0;HAUT LE PIED;37;
14/12/23 06:22:37;Inconnu, Saint-Martin-d'Hères;45.171227;5.764795;0.0;ARRET;28;
14/12/23 06:23:20;Rue de Malfangeat, Saint-Martin-d'Hères;45.171467;5.764884;27.0;HAUT LE PIED;84;
14/12/23 06:23:30;Inconnu, Saint-Martin-d'Hères;45.172199;5.765165;28.0;HAUT LE PIED;32;
14/12/23 06:23:34;Rue Normandie-Niemen, Saint-Martin-d'Hères;45.172379;5.765481;32.0;HAUT LE PIED;73;
14/12/23 06:24:05;Rue Normandie-Niemen, Saint-Martin-d'Hères;45.172649;5.76633;0.0;ARRET;31;
14/12/23 06:25:11;Rue Normandie-Niemen, Saint-Martin-d'Hères;45.172798;5.766665;25.0;HAUT LE PIED;48;
14/12/23 06:25:24;Rue Normandie-Niemen, Saint-Martin-d'Hères;45.173077;5.767133;12.0;HAUT LE PIED;18;
14/12/23 06:25:54;Rue Normandie-Niemen, Saint-Martin-d'Hères;45.173203;5.767276;0.0;ARRET;27;
14/12/23 06:26:40;Rue Normandie-Niemen, Saint-Martin-d'Hères;45.173389;5.767489;13.0;HAUT LE PIED;23;
14/12/23 06:26:45;Rue Normandie-Niemen, Saint-Martin-d'Hères;45.173512;5.767724;15.0;HAUT LE PIED;13;
14/12/23 06:27:15;Rue Normandie-Niemen, Saint-Martin-d'Hères;45.173531;5.767891;0.0;ARRET;27;
14/12/23 06:27:55;Rue Normandie-Niemen, Saint-Martin-d'Hères;45.173485;5.768225;6.0;HAUT LE PIED;20;
14/12/23 06:28:26;Rue Normandie-Niemen, Saint-Martin-d'Hères;45.173428;5.768473;0.0;ARRET;26;
14/12/23 06:29:47;Rue Normandie-Niemen, Saint-Martin-d'Hères;45.173359;5.768785;11.0;HAUT LE PIED;24;
14/12/23 06:30:18;Rue Normandie-Niemen, Saint-Martin-d'Hères;45.173279;5.769065;0.0;ARRET;26;
14/12/23 06:31:31;Rue Normandie-Niemen, Saint-Martin-d'Hères;45.173176;5.769365;11.0;HAUT LE PIED;7;
14/12/23 06:31:34;Rue Normandie-Niemen, Saint-Martin-d'Hères;45.17313;5.769431;8.0;HAUT LE PIED;10;
14/12/23 06:31:38;Avenue de la Galochère, Saint-Martin-d'Hères;45.173046;5.769395;14.0;HAUT LE PIED;80;
14/12/23 06:31:48;Avenue de la Galochère, Saint-Martin-d'Hères;45.172421;5.768878;28.0;HAUT LE PIED;87;
14/12/23 06:32:02;Avenue de la Galochère, Saint-Martin-d'Hères;45.17165;5.768682;9.0;HAUT LE PIED;5;
14/12/23 06:32:33;Avenue de la Galochère, Saint-Martin-d'Hères;45.171604;5.768666;0.0;ARRET;31;
14/12/23 06:32:45;Avenue de la Galochère, Saint-Martin-d'Hères;45.171329;5.768646;24.0;HAUT LE PIED;186;
14/12/23 06:33:16;Avenue de la Galochère, Saint-Martin-d'Hères;45.169655;5.768573;0.0;ARRET;28;
14/12/23 06:33:47;Avenue de la Galochère, Saint-Martin-d'Hères;45.169403;5.768556;17.0;HAUT LE PIED;18;
14/12/23 06:34:18;Avenue de la Galochère, Saint-Martin-d'Hères;45.169243;5.768547;0.0;ARRET;29;
14/12/23 06:35:54;Avenue de la Galochère, Saint-Martin-d'Hères;45.168987;5.768504;25.0;HAUT LE PIED;30;
14/12/23 06:36:18;Avenue de la Galochère, Saint-Martin-d'Hères;45.168724;5.768406;10.0;HAUT LE PIED;25;
14/12/23 06:36:48;Avenue de la Galochère, Saint-Martin-d'Hères;45.168518;5.768267;9.0;HAUT LE PIED;6;
14/12/23 06:37:19;Avenue de la Galochère, Saint-Martin-d'Hères;45.168495;5.768198;0.0;ARRET;26;
14/12/23 06:37:27;Rue Georges Braque, Saint-Martin-d'Hères;45.168488;5.767868;27.0;HAUT LE PIED;110;
14/12/23 06:37:42;Rue Georges Braque, Saint-Martin-d'Hères;45.168655;5.766481;20.0;HAUT LE PIED;15;
14/12/23 06:37:45;Inconnu, Saint-Martin-d'Hères;45.168633;5.766294;14.0;HAUT LE PIED;8;
14/12/23 06:38:16;Inconnu, Saint-Martin-d'Hères;45.16864;5.766188;0.0;ARRET;0;
14/12/23 06:38:51;Inconnu, Saint-Martin-d'Hères;45.168644;5.766188;;MARCHE ARRIERE;23;
14/12/23 06:39:10;Inconnu, Saint-Martin-d'Hères;45.168697;5.766474;;ARRET;7;
14/12/23 06:39:15;Rue Georges Braque, Saint-Martin-d'Hères;45.168655;5.766544;19.0;HAUT LE PIED;20;
14/12/23 06:39:18;Rue Georges Braque, Saint-Martin-d'Hères;45.168629;5.76679;27.0;HAUT LE PIED;109;
14/12/23 06:39:31;Rue Georges Braque, Saint-Martin-d'Hères;45.168411;5.768145;10.0;HAUT LE PIED;7;
14/12/23 06:39:35;Avenue de la Galochère, Saint-Martin-d'Hères;45.168358;5.768199;9.0;HAUT LE PIED;12;
14/12/23 06:39:38;Avenue de la Galochère, Saint-Martin-d'Hères;45.168247;5.768189;18.0;HAUT LE PIED;18;
14/12/23 06:39:41;Avenue de la Galochère, Saint-Martin-d'Hères;45.168095;5.768284;26.0;HAUT LE PIED;24;
14/12/23 06:39:44;Avenue de la Galochère, Saint-Martin-d'Hères;45.167912;5.768456;32.0;HAUT LE PIED;27;
14/12/23 06:39:47;Avenue de la Galochère, Saint-Martin-d'Hères;45.167675;5.768549;36.0;HAUT LE PIED;157;
14/12/23 06:40:02;Avenue de la Galochère, Saint-Martin-d'Hères;45.16626;5.768551;37.0;HAUT LE PIED;188;
14/12/23 06:40:21;Avenue de la Galochère, Saint-Martin-d'Hères;45.164585;5.76827;13.0;HAUT LE PIED;11;
14/12/23 06:40:24;Rue du Souvenir, Saint-Martin-d'Hères;45.164539;5.768387;13.0;HAUT LE PIED;71;
14/12/23 06:40:35;Rue du Souvenir, Saint-Martin-d'Hères;45.164619;5.769291;24.0;HAUT LE PIED;16;
14/12/23 06:40:38;Rue du Souvenir, Saint-Martin-d'Hères;45.164539;5.769464;20.0;HAUT LE PIED;11;
14/12/23 06:40:41;Rue du Souvenir, Saint-Martin-d'Hères;45.164436;5.769474;14.0;HAUT LE PIED;116;
14/12/23 06:41:02;Rue du Souvenir, Saint-Martin-d'Hères;45.163399;5.769323;20.0;HAUT LE PIED;23;
14/12/23 06:41:06;Rue du Souvenir, Saint-Martin-d'Hères;45.163197;5.769242;19.0;HAUT LE PIED;26;
14/12/23 06:41:11;Rue du Souvenir, Saint-Martin-d'Hères;45.162964;5.769235;13.0;HAUT LE PIED;14;
14/12/23 06:41:14;Rue du Souvenir, Saint-Martin-d'Hères;45.162868;5.769347;15.0;HAUT LE PIED;8;
14/12/23 06:41:21;Rue du Souvenir, Saint-Martin-d'Hères;45.162895;5.769437;;MARCHE ARRIERE;6;
14/12/23 06:41:28;Rue du Souvenir, Saint-Martin-d'Hères;45.162884;5.769364;;ARRET;8;
14/12/23 06:41:45;Rue du Souvenir, Saint-Martin-d'Hères;45.162922;5.769279;0.0;ARRET;12;
14/12/23 06:42:15;Rue du Souvenir, Saint-Martin-d'Hères;45.163029;5.769232;;MARCHE ARRIERE;13;
14/12/23 06:42:30;Rue du Souvenir, Saint-Martin-d'Hères;45.162918;5.769264;;ARRET;29;
14/12/23 06:43:24;Rue du Souvenir, Saint-Martin-d'Hères;45.163181;5.769305;17.0;HAUT LE PIED;34;
14/12/23 06:43:33;Rue du Souvenir, Saint-Martin-d'Hères;45.163483;5.769379;21.0;HAUT LE PIED;20;
14/12/23 06:43:36;Rue du Souvenir, Saint-Martin-d'Hères;45.163658;5.769449;22.0;HAUT LE PIED;41;
14/12/23 06:43:43;Rue du Souvenir, Saint-Martin-d'Hères;45.164024;5.769485;14.0;HAUT LE PIED;31;
14/12/23 06:44:13;Rue du Souvenir, Saint-Martin-d'Hères;45.164303;5.769436;7.0;HAUT LE PIED;11;
14/12/23 06:44:43;Rue du Souvenir, Saint-Martin-d'Hères;45.164398;5.769479;0.0;ARRET;26;
14/12/23 06:44:54;Rue du Souvenir, Saint-Martin-d'Hères;45.164631;5.769419;14.0;HAUT LE PIED;9;
14/12/23 06:45:25;Inconnu, Saint-Martin-d'Hères;45.16465;5.769302;0.0;ARRET;29;
14/12/23 06:46:08;Rue du Souvenir, Saint-Martin-d'Hères;45.164574;5.768943;16.0;HAUT LE PIED;40;
14/12/23 06:46:39;Rue du Souvenir, Saint-Martin-d'Hères;45.164539;5.768437;0.0;ARRET;30;
14/12/23 06:47:11;Avenue de la Galochère, Saint-Martin-d'Hères;45.164795;5.768308;24.0;HAUT LE PIED;110;
14/12/23 06:47:43;Avenue de la Galochère, Saint-Martin-d'Hères;45.165771;5.768502;12.0;HAUT LE PIED;52;
14/12/23 06:47:50;Avenue de la Galochère, Saint-Martin-d'Hères;45.166233;5.768571;15.0;HAUT LE PIED;31;
14/12/23 06:47:54;Avenue de la Galochère, Saint-Martin-d'Hères;45.166512;5.76862;24.0;HAUT LE PIED;17;
14/12/23 06:47:57;Rue du Bois Mentel, Saint-Martin-d'Hères;45.166668;5.768597;13.0;HAUT LE PIED;10;
14/12/23 06:48:00;Rue du Bois Mentel, Saint-Martin-d'Hères;45.166718;5.768493;15.0;HAUT LE PIED;11;
14/12/23 06:48:03;Rue du Bois Mentel, Saint-Martin-d'Hères;45.166656;5.768381;16.0;HAUT LE PIED;12;
14/12/23 06:48:06;Rue du Bois Mentel, Saint-Martin-d'Hères;45.166553;5.768361;13.0;HAUT LE PIED;7;
14/12/23 06:48:37;Rue du Bois Mentel, Saint-Martin-d'Hères;45.166492;5.768351;0.0;ARRET;27;
14/12/23 06:48:47;Rue du Bois Mentel, Saint-Martin-d'Hères;45.166298;5.768145;11.0;HAUT LE PIED;21;
14/12/23 06:49:18;Rue du Bois Mentel, Saint-Martin-d'Hères;45.166283;5.767878;0.0;ARRET;27;
14/12/23 06:50:23;Rue du Bois Mentel, Saint-Martin-d'Hères;45.166485;5.767684;11.0;HAUT LE PIED;13;
14/12/23 06:50:27;Rue du Bois Mentel, Saint-Martin-d'Hères;45.166588;5.767613;12.0;HAUT LE PIED;11;
14/12/23 06:50:30;Rue du Bois Mentel, Saint-Martin-d'Hères;45.166683;5.76763;13.0;HAUT LE PIED;10;
14/12/23 06:50:33;Rue du Bois Mentel, Saint-Martin-d'Hères;45.166759;5.767695;12.0;HAUT LE PIED;22;
14/12/23 06:51:03;Rue du Bois Mentel, Saint-Martin-d'Hères;45.166912;5.767879;0.0;ARRET;25;
14/12/23 06:52:03;Rue du Bois Mentel, Saint-Martin-d'Hères;45.167088;5.768083;6.0;HAUT LE PIED;10;
14/12/23 06:52:33;Rue du Bois Mentel, Saint-Martin-d'Hères;45.167042;5.768186;0.0;ARRET;26;
14/12/23 06:53:04;Rue du Bois Mentel, Saint-Martin-d'Hères;45.167023;5.768512;7.0;HAUT LE PIED;36;
14/12/23 06:53:29;Avenue de la Galochère, Saint-Martin-d'Hères;45.167339;5.768604;8.0;HAUT LE PIED;2;
14/12/23 06:53:59;Avenue de la Galochère, Saint-Martin-d'Hères;45.167347;5.768631;0.0;ARRET;39;
14/12/23 06:54:49;Avenue de la Galochère, Saint-Martin-d'Hères;45.167694;5.768589;9.0;HAUT LE PIED;19;
14/12/23 06:54:54;Avenue de la Galochère, Saint-Martin-d'Hères;45.167862;5.768535;12.0;HAUT LE PIED;12;
14/12/23 06:55:25;Avenue de la Galochère, Saint-Martin-d'Hères;45.167953;5.768456;0.0;ARRET;27;
14/12/23 06:55:31;Avenue de la Galochère, Saint-Martin-d'Hères;45.168144;5.768235;13.0;HAUT LE PIED;10;
14/12/23 06:55:34;Avenue de la Galochère, Saint-Martin-d'Hères;45.16814;5.768111;16.0;HAUT LE PIED;17;
14/12/23 06:55:37;Avenue Jacques Prévert, Saint-Martin-d'Hères;45.168015;5.767987;25.0;HAUT LE PIED;66;
14/12/23 06:56:07;Avenue Jacques Prévert, Saint-Martin-d'Hères;45.167469;5.76765;18.0;HAUT LE PIED;38;
14/12/23 06:56:13;Avenue Jacques Prévert, Saint-Martin-d'Hères;45.167168;5.767426;21.0;HAUT LE PIED;16;
14/12/23 06:56:43;Avenue Jacques Prévert, Saint-Martin-d'Hères;45.167049;5.767321;0.0;ARRET;27;
14/12/23 06:57:16;Avenue Jacques Prévert, Saint-Martin-d'Hères;45.166851;5.767129;11.0;HAUT LE PIED;40;
14/12/23 06:57:47;Avenue Jacques Prévert, Saint-Martin-d'Hères;45.166546;5.766853;0.0;ARRET;29;
14/12/23 06:58:04;Avenue Jacques Prévert, Saint-Martin-d'Hères;45.166325;5.766668;25.0;HAUT LE PIED;88;
14/12/23 06:58:16;Avenue Jacques Prévert, Saint-Martin-d'Hères;45.165695;5.765999;17.0;HAUT LE PIED;14;
14/12/23 06:58:19;Avenue Romain Rolland, Saint-Martin-d'Hères;45.165726;5.765827;20.0;HAUT LE PIED;17;
14/12/23 06:58:22;Avenue Romain Rolland, Saint-Martin-d'Hères;45.165817;5.765653;18.0;HAUT LE PIED;16;
14/12/23 06:58:54;Avenue Romain Rolland, Saint-Martin-d'Hères;45.165897;5.765477;0.0;ARRET;36;
14/12/23 06:59:28;Avenue Romain Rolland, Saint-Martin-d'Hères;45.166042;5.765068;9.0;HAUT LE PIED;30;
14/12/23 06:59:59;Inconnu, Saint-Martin-d'Hères;45.166145;5.764716;0.0;ARRET;25;
14/12/23 07:01:08;Avenue Romain Rolland, Saint-Martin-d'Hères;45.166241;5.764426;6.0;HAUT LE PIED;12;
14/12/23 07:01:39;Avenue Romain Rolland, Saint-Martin-d'Hères;45.166286;5.764289;0.0;ARRET;28;
14/12/23 07:02:42;Avenue Romain Rolland, Saint-Martin-d'Hères;45.166412;5.763985;14.0;HAUT LE PIED;5;
14/12/23 07:03:12;Avenue Romain Rolland, Saint-Martin-d'Hères;45.166397;5.763931;0.0;ARRET;27;
14/12/23 07:03:27;Avenue Romain Rolland, Saint-Martin-d'Hères;45.166573;5.763694;10.0;HAUT LE PIED;31;
14/12/23 07:03:58;Avenue Romain Rolland, Saint-Martin-d'Hères;45.166782;5.763439;0.0;ARRET;32;
14/12/23 07:04:34;Avenue Romain Rolland, Saint-Martin-d'Hères;45.167004;5.76318;9.0;HAUT LE PIED;38;
14/12/23 07:05:05;Inconnu, Saint-Martin-d'Hères;45.167252;5.762838;0.0;ARRET;29;
14/12/23 07:05:36;Avenue Romain Rolland, Saint-Martin-d'Hères;45.167446;5.762595;24.0;HAUT LE PIED;45;
14/12/23 07:05:44;Rue de Malfangeat, Saint-Martin-d'Hères;45.167812;5.762343;23.0;HAUT LE PIED;59;
14/12/23 07:06:14;Rue de Malfangeat, Saint-Martin-d'Hères;45.168289;5.762682;0.0;ARRET;27;
14/12/23 07:06:33;Rue Fernand Léger, Saint-Martin-d'Hères;45.168465;5.762915;14.0;HAUT LE PIED;19;
14/12/23 07:06:38;Rue Fernand Léger, Saint-Martin-d'Hères;45.168465;5.763153;8.0;HAUT LE PIED;50;
14/12/23 07:07:09;Inconnu, Saint-Martin-d'Hères;45.16832;5.76376;0.0;ARRET;26;
14/12/23 07:07:40;Rue Fernand Léger, Saint-Martin-d'Hères;45.168316;5.764097;12.0;HAUT LE PIED;64;
14/12/23 07:08:11;Rue Fernand Léger, Saint-Martin-d'Hères;45.168194;5.764891;0.0;ARRET;26;
14/12/23 07:08:35;Inconnu, Saint-Martin-d'Hères;45.168079;5.765175;11.0;HAUT LE PIED;14;
14/12/23 07:09:06;Inconnu, Saint-Martin-d'Hères;45.167961;5.765245;0.0;ARRET;28;
14/12/23 07:09:22;Inconnu, Saint-Martin-d'Hères;45.167904;5.765591;18.0;HAUT LE PIED;29;
14/12/23 07:09:28;Inconnu, Saint-Martin-d'Hères;45.167862;5.765953;13.0;HAUT LE PIED;8;
14/12/23 07:09:59;Inconnu, Saint-Martin-d'Hères;45.167912;5.766027;0.0;ARRET;27;
14/12/23 07:10:12;Rue Fernand Léger, Saint-Martin-d'Hères;45.168049;5.766308;17.0;HAUT LE PIED;53;
14/12/23 07:10:43;Rue Fernand Léger, Saint-Martin-d'Hères;45.167889;5.766946;15.0;HAUT LE PIED;13;
14/12/23 07:10:46;Rue Fernand Léger, Saint-Martin-d'Hères;45.167847;5.767102;15.0;HAUT LE PIED;13;
14/12/23 07:10:49;Rue Fernand Léger, Saint-Martin-d'Hères;45.167755;5.767199;15.0;HAUT LE PIED;9;
14/12/23 07:10:52;Rue Fernand Léger, Saint-Martin-d'Hères;45.167671;5.767204;9.0;HAUT LE PIED;34;
14/12/23 07:11:23;Rue Fernand Léger, Saint-Martin-d'Hères;45.167385;5.767049;0.0;ARRET;27;
14/12/23 07:12:09;Inconnu, Saint-Martin-d'Hères;45.167168;5.766908;10.0;HAUT LE PIED;9;
14/12/23 07:12:12;Inconnu, Saint-Martin-d'Hères;45.167168;5.766794;12.0;HAUT LE PIED;12;
14/12/23 07:12:16;Inconnu, Saint-Martin-d'Hères;45.167183;5.766647;12.0;HAUT LE PIED;8;
14/12/23 07:12:19;Inconnu, Saint-Martin-d'Hères;45.167122;5.766594;9.0;HAUT LE PIED;37;
14/12/23 07:12:29;Inconnu, Saint-Martin-d'Hères;45.16679;5.766537;8.0;HAUT LE PIED;4;
14/12/23 07:12:59;Rue Fernand Léger, Saint-Martin-d'Hères;45.166775;5.766589;0.0;ARRET;6;
14/12/23 07:13:27;Rue Fernand Léger, Saint-Martin-d'Hères;45.166779;5.766664;;MARCHE ARRIERE;0;
14/12/23 07:13:30;Rue Fernand Léger, Saint-Martin-d'Hères;45.166782;5.766663;;ARRET;26;
14/12/23 07:13:39;Rue Fernand Léger, Saint-Martin-d'Hères;45.166981;5.766825;24.0;HAUT LE PIED;44;
14/12/23 07:13:45;Rue Fernand Léger, Saint-Martin-d'Hères;45.167336;5.767072;28.0;HAUT LE PIED;47;
14/12/23 07:13:52;Rue Fernand Léger, Saint-Martin-d'Hères;45.167751;5.767173;18.0;HAUT LE PIED;16;
14/12/23 07:13:55;Rue Fernand Léger, Saint-Martin-d'Hères;45.167885;5.767085;22.0;HAUT LE PIED;19;
14/12/23 07:13:58;Rue Fernand Léger, Saint-Martin-d'Hères;45.167973;5.766878;25.0;HAUT LE PIED;46;
14/12/23 07:14:07;Rue Fernand Léger, Saint-Martin-d'Hères;45.168045;5.766302;11.0;HAUT LE PIED;172;
14/12/23 07:14:37;Rue Fernand Léger, Saint-Martin-d'Hères;45.168335;5.764152;24.0;HAUT LE PIED;110;
14/12/23 07:15:00;Inconnu, Saint-Martin-d'Hères;45.168533;5.762772;11.0;HAUT LE PIED;8;
14/12/23 07:15:03;Inconnu, Saint-Martin-d'Hères;45.168484;5.762696;8.0;HAUT LE PIED;5;
14/12/23 07:15:34;Rue de Malfangeat, Saint-Martin-d'Hères;45.168442;5.762699;0.0;ARRET;27;
14/12/23 07:16:58;Rue de Malfangeat, Saint-Martin-d'Hères;45.168224;5.76256;14.0;HAUT LE PIED;59;
14/12/23 07:17:07;Avenue Romain Rolland, Saint-Martin-d'Hères;45.167778;5.762153;27.0;HAUT LE PIED;22;
14/12/23 07:17:10;Rue Fontenelle, Saint-Martin-d'Hères;45.167683;5.761913;24.0;HAUT LE PIED;23;
14/12/23 07:17:13;Rue Fontenelle, Saint-Martin-d'Hères;45.167656;5.761616;25.0;HAUT LE PIED;42;
14/12/23 07:17:19;Rue Fontenelle, Saint-Martin-d'Hères;45.167675;5.761084;19.0;HAUT LE PIED;14;
14/12/23 07:17:49;Rue Fontenelle, Saint-Martin-d'Hères;45.167721;5.760921;0.0;ARRET;21;
14/12/23 07:19:01;Rue du Bourgamon, Saint-Martin-d'Hères;45.167614;5.760697;;MARCHE ARRIERE;17;
14/12/23 07:19:19;Rue Fontenelle, Saint-Martin-d'Hères;45.167759;5.760748;;ARRET;40;
14/12/23 07:20:05;Rue Fontenelle, Saint-Martin-d'Hères;45.167606;5.761205;24.0;HAUT LE PIED;24;
14/12/23 07:20:09;Rue Fontenelle, Saint-Martin-d'Hères;45.167603;5.761516;17.0;HAUT LE PIED;12;
14/12/23 07:20:40;Rue Fontenelle, Saint-Martin-d'Hères;45.167614;5.761673;0.0;ARRET;26;
14/12/23 07:21:33;Rue Fontenelle, Saint-Martin-d'Hères;45.167645;5.762006;15.0;HAUT LE PIED;15;
14/12/23 07:21:36;Rue Fontenelle, Saint-Martin-d'Hères;45.167629;5.76219;17.0;HAUT LE PIED;13;
14/12/23 07:22:07;Rue Fontenelle, Saint-Martin-d'Hères;45.16758;5.762341;0.0;ARRET;26;
14/12/23 07:22:41;Avenue Romain Rolland, Saint-Martin-d'Hères;45.167419;5.762589;13.0;HAUT LE PIED;14;
14/12/23 07:23:12;Avenue Romain Rolland, Saint-Martin-d'Hères;45.167309;5.762669;0.0;ARRET;27;
14/12/23 07:23:33;Avenue Romain Rolland, Saint-Martin-d'Hères;45.16713;5.762897;12.0;HAUT LE PIED;10;
14/12/23 07:23:36;Rue Jean Cocteau, Saint-Martin-d'Hères;45.167042;5.76294;14.0;HAUT LE PIED;13;
14/12/23 07:23:39;Rue Jean Cocteau, Saint-Martin-d'Hères;45.166965;5.762814;18.0;HAUT LE PIED;58;
14/12/23 07:23:49;Rue Jean Cocteau, Saint-Martin-d'Hères;45.166534;5.762393;18.0;HAUT LE PIED;15;
14/12/23 07:24:20;Rue Jean Cocteau, Saint-Martin-d'Hères;45.166409;5.762326;0.0;ARRET;31;
14/12/23 07:24:54;Rue Jean Cocteau, Saint-Martin-d'Hères;45.166264;5.761992;24.0;HAUT LE PIED;35;
14/12/23 07:25:00;Rue Jean Cocteau, Saint-Martin-d'Hères;45.166183;5.761566;12.0;HAUT LE PIED;10;
14/12/23 07:25:03;Rue Jean Cocteau, Saint-Martin-d'Hères;45.166264;5.761521;14.0;HAUT LE PIED;29;
14/12/23 07:25:10;Rue Jean Cocteau, Saint-Martin-d'Hères;45.166519;5.761472;10.0;HAUT LE PIED;10;
14/12/23 07:25:13;Rue Jean Cocteau, Saint-Martin-d'Hères;45.166489;5.761592;10.0;HAUT LE PIED;20;
14/12/23 07:25:44;Rue Jean Cocteau, Saint-Martin-d'Hères;45.166389;5.761806;0.0;ARRET;28;
14/12/23 07:28:11;Rue Jean Cocteau, Saint-Martin-d'Hères;45.166286;5.76213;18.0;HAUT LE PIED;17;
14/12/23 07:28:14;Rue Jean Cocteau, Saint-Martin-d'Hères;45.166382;5.762304;22.0;HAUT LE PIED;66;
14/12/23 07:28:44;Rue Jean Cocteau, Saint-Martin-d'Hères;45.166874;5.76277;0.0;ARRET;27;
14/12/23 07:29:51;Avenue Romain Rolland, Saint-Martin-d'Hères;45.167053;5.762999;11.0;HAUT LE PIED;13;
14/12/23 07:29:54;Avenue Romain Rolland, Saint-Martin-d'Hères;45.166973;5.763125;18.0;HAUT LE PIED;73;
14/12/23 07:30:05;Avenue Romain Rolland, Saint-Martin-d'Hères;45.166481;5.763731;14.0;HAUT LE PIED;13;
14/12/23 07:30:08;Rue Charles Baudelaire, Saint-Martin-d'Hères;45.16637;5.763706;15.0;HAUT LE PIED;11;
14/12/23 07:30:11;Rue Charles Baudelaire, Saint-Martin-d'Hères;45.166275;5.763699;8.0;HAUT LE PIED;22;
14/12/23 07:30:42;Rue Charles Baudelaire, Saint-Martin-d'Hères;45.16608;5.763734;0.0;ARRET;26;
14/12/23 07:31:41;Rue Arthur Rimbaud, Saint-Martin-d'Hères;45.165852;5.763666;6.0;HAUT LE PIED;28;
14/12/23 07:32:11;Rue Arthur Rimbaud, Saint-Martin-d'Hères;45.165779;5.76333;12.0;HAUT LE PIED;27;
14/12/23 07:32:42;Rue Arthur Rimbaud, Saint-Martin-d'Hères;45.165596;5.763097;0.0;ARRET;26;
14/12/23 07:33:13;Rue Arthur Rimbaud, Saint-Martin-d'Hères;45.16539;5.762952;9.0;HAUT LE PIED;9;
14/12/23 07:33:15;Rue Louis Pergaud, Saint-Martin-d'Hères;45.165321;5.763006;10.0;HAUT LE PIED;8;
14/12/23 07:33:19;Rue Louis Pergaud, Saint-Martin-d'Hères;45.16534;5.763104;;MARCHE ARRIERE;16;
14/12/23 07:33:37;Rue Arthur Rimbaud, Saint-Martin-d'Hères;45.165279;5.762923;;ARRET;2;
14/12/23 07:33:46;Rue Arthur Rimbaud, Saint-Martin-d'Hères;45.16526;5.762919;0.0;ARRET;28;
14/12/23 07:34:25;Rue Arthur Rimbaud, Saint-Martin-d'Hères;45.165493;5.763049;22.0;HAUT LE PIED;24;
14/12/23 07:34:28;Rue Arthur Rimbaud, Saint-Martin-d'Hères;45.165684;5.763196;21.0;HAUT LE PIED;20;
14/12/23 07:34:31;Rue Arthur Rimbaud, Saint-Martin-d'Hères;45.165787;5.763401;24.0;HAUT LE PIED;30;
14/12/23 07:34:36;Rue Charles Baudelaire, Saint-Martin-d'Hères;45.165924;5.76373;19.0;HAUT LE PIED;17;
14/12/23 07:34:39;Rue Charles Baudelaire, Saint-Martin-d'Hères;45.16608;5.763754;24.0;HAUT LE PIED;34;
14/12/23 07:34:45;Rue Charles Baudelaire, Saint-Martin-d'Hères;45.166389;5.763723;11.0;HAUT LE PIED;7;
14/12/23 07:34:48;Avenue Romain Rolland, Saint-Martin-d'Hères;45.166424;5.7638;11.0;HAUT LE PIED;10;
14/12/23 07:34:51;Avenue Romain Rolland, Saint-Martin-d'Hères;45.166374;5.763906;14.0;HAUT LE PIED;21;
14/12/23 07:34:55;Avenue Romain Rolland, Saint-Martin-d'Hères;45.166298;5.764145;20.0;HAUT LE PIED;120;
14/12/23 07:35:11;Avenue Romain Rolland, Saint-Martin-d'Hères;45.165821;5.765515;27.0;HAUT LE PIED;26;
14/12/23 07:35:15;Avenue Romain Rolland, Saint-Martin-d'Hères;45.165668;5.765771;21.0;HAUT LE PIED;17;
14/12/23 07:35:18;Avenue Jacques Prévert, Saint-Martin-d'Hères;45.16552;5.765813;23.0;HAUT LE PIED;22;
14/12/23 07:35:22;Avenue Jacques Prévert, Saint-Martin-d'Hères;45.165348;5.765665;29.0;HAUT LE PIED;86;
14/12/23 07:35:52;Avenue Jacques Prévert, Saint-Martin-d'Hères;45.164715;5.765038;0.0;ARRET;31;
14/12/23 07:36:00;Avenue Jacques Prévert, Saint-Martin-d'Hères;45.164501;5.764795;25.0;HAUT LE PIED;33;
14/12/23 07:36:05;Avenue Jacques Prévert, Saint-Martin-d'Hères;45.164238;5.764592;22.0;HAUT LE PIED;17;
14/12/23 07:36:08;Rue Eugène Varlin, Saint-Martin-d'Hères;45.16412;5.764732;22.0;HAUT LE PIED;37;
14/12/23 07:36:38;Rue Eugène Varlin, Saint-Martin-d'Hères;45.164032;5.765185;0.0;ARRET;29;
14/12/23 07:37:48;Rue Eugène Varlin, Saint-Martin-d'Hères;45.164009;5.765552;18.0;HAUT LE PIED;49;
14/12/23 07:38:19;Rue Eugène Varlin, Saint-Martin-d'Hères;45.16391;5.766156;0.0;ARRET;26;
14/12/23 07:39:50;Rue Eugène Varlin, Saint-Martin-d'Hères;45.16386;5.766486;9.0;HAUT LE PIED;15;
14/12/23 07:39:55;Rue Eugène Varlin, Saint-Martin-d'Hères;45.163818;5.766672;12.0;HAUT LE PIED;9;
14/12/23 07:39:58;Rue Eugène Varlin, Saint-Martin-d'Hères;45.16375;5.766723;9.0;HAUT LE PIED;9;
14/12/23 07:40:29;Rue Eugène Varlin, Saint-Martin-d'Hères;45.163673;5.766678;0.0;ARRET;0;
14/12/23 07:40:57;Rue Eugène Varlin, Saint-Martin-d'Hères;45.16367;5.766679;;MARCHE ARRIERE;17;
14/12/23 07:41:23;Rue Eugène Varlin, Saint-Martin-d'Hères;45.163822;5.766726;;ARRET;21;
14/12/23 07:41:30;Rue Eugène Varlin, Saint-Martin-d'Hères;45.163868;5.76647;23.0;HAUT LE PIED;96;
14/12/23 07:41:44;Rue Eugène Varlin, Saint-Martin-d'Hères;45.164055;5.765273;12.0;HAUT LE PIED;9;
14/12/23 07:41:47;Rue Eugène Varlin, Saint-Martin-d'Hères;45.164135;5.765244;10.0;HAUT LE PIED;28;
14/12/23 07:42:17;Rue Eugène Varlin, Saint-Martin-d'Hères;45.164379;5.76532;0.0;ARRET;26;
14/12/23 07:43:22;Rue Eugène Varlin, Saint-Martin-d'Hères;45.164562;5.765526;6.0;HAUT LE PIED;14;
14/12/23 07:43:26;Rue Eugène Varlin, Saint-Martin-d'Hères;45.164658;5.765646;12.0;HAUT LE PIED;10;
14/12/23 07:43:30;Rue Eugène Varlin, Saint-Martin-d'Hères;45.164593;5.765738;;MARCHE ARRIERE;5;
14/12/23 07:43:35;Rue Eugène Varlin, Saint-Martin-d'Hères;45.164608;5.765682;;ARRET;7;
14/12/23 07:43:56;Rue Eugène Varlin, Saint-Martin-d'Hères;45.164604;5.76559;0.0;ARRET;26;
14/12/23 07:44:10;Rue Eugène Varlin, Saint-Martin-d'Hères;45.164436;5.76536;17.0;HAUT LE PIED;18;
14/12/23 07:44:14;Rue Eugène Varlin, Saint-Martin-d'Hères;45.164288;5.765255;18.0;HAUT LE PIED;14;
14/12/23 07:44:17;Rue Eugène Varlin, Saint-Martin-d'Hères;45.164165;5.765216;15.0;HAUT LE PIED;12;
14/12/23 07:44:22;Rue Eugène Varlin, Saint-Martin-d'Hères;45.16407;5.765136;8.0;HAUT LE PIED;10;
14/12/23 07:44:25;Rue Eugène Varlin, Saint-Martin-d'Hères;45.164082;5.765012;16.0;HAUT LE PIED;21;
14/12/23 07:44:30;Rue Eugène Varlin, Saint-Martin-d'Hères;45.164139;5.764758;10.0;HAUT LE PIED;2;
14/12/23 07:45:00;Rue Eugène Varlin, Saint-Martin-d'Hères;45.164135;5.764734;0.0;ARRET;28;
14/12/23 07:45:09;Avenue Jacques Prévert, Saint-Martin-d'Hères;45.164051;5.764395;22.0;HAUT LE PIED;24;
14/12/23 07:45:12;Avenue Jacques Prévert, Saint-Martin-d'Hères;45.163864;5.764234;28.0;HAUT LE PIED;49;
14/12/23 07:45:20;Avenue Jacques Prévert, Saint-Martin-d'Hères;45.163513;5.763849;10.0;HAUT LE PIED;9;
14/12/23 07:45:24;Rue Charles Ferré, Saint-Martin-d'Hères;45.163483;5.763736;8.0;HAUT LE PIED;6;
14/12/23 07:45:30;Avenue Jacques Prévert, Saint-Martin-d'Hères;45.163425;5.763732;;MARCHE ARRIERE;1;
14/12/23 07:45:33;Avenue Jacques Prévert, Saint-Martin-d'Hères;45.163418;5.763733;;ARRET;5;
14/12/23 07:45:55;Rue Charles Ferré, Saint-Martin-d'Hères;45.16346;5.763757;0.0;ARRET;28;
14/12/23 07:46:38;Inconnu, Saint-Martin-d'Hères;45.163223;5.763635;25.0;HAUT LE PIED;73;
14/12/23 07:46:49;Inconnu, Saint-Martin-d'Hères;45.162663;5.763155;18.0;HAUT LE PIED;14;
14/12/23 07:46:52;Inconnu, Saint-Martin-d'Hères;45.16256;5.763266;21.0;HAUT LE PIED;37;
14/12/23 07:47:01;Rue Doyen Gosse, Saint-Martin-d'Hères;45.162498;5.763724;12.0;HAUT LE PIED;21;
14/12/23 07:47:31;Rue Doyen Gosse, Saint-Martin-d'Hères;45.162453;5.763989;0.0;ARRET;43;
14/12/23 07:48:27;Rue Doyen Gosse, Saint-Martin-d'Hères;45.162407;5.764527;9.0;HAUT LE PIED;31;
14/12/23 07:48:34;Rue Doyen Gosse, Saint-Martin-d'Hères;45.162346;5.764917;16.0;HAUT LE PIED;18;
14/12/23 07:48:39;Rue Doyen Gosse, Saint-Martin-d'Hères;45.162296;5.765133;10.0;HAUT LE PIED;36;
14/12/23 07:48:47;Rue Doyen Gosse, Saint-Martin-d'Hères;45.162262;5.765585;18.0;HAUT LE PIED;15;
14/12/23 07:48:50;Rue Camille Desmoulins, Saint-Martin-d'Hères;45.162373;5.7657;23.0;HAUT LE PIED;96;
14/12/23 07:49:10;Rue Camille Desmoulins, Saint-Martin-d'Hères;45.163219;5.765934;13.0;HAUT LE PIED;10;
14/12/23 07:49:40;Rue Camille Desmoulins, Saint-Martin-d'Hères;45.163242;5.766053;0.0;ARRET;26;
14/12/23 07:50:47;Rue Camille Desmoulins, Saint-Martin-d'Hères;45.163174;5.766374;25.0;HAUT LE PIED;28;
14/12/23 07:50:53;Rue Camille Desmoulins, Saint-Martin-d'Hères;45.16312;5.766728;9.0;HAUT LE PIED;10;
14/12/23 07:50:56;Rue Camille Desmoulins, Saint-Martin-d'Hères;45.163097;5.766848;14.0;HAUT LE PIED;19;
14/12/23 07:51:27;Rue Camille Desmoulins, Saint-Martin-d'Hères;45.163074;5.767092;0.0;ARRET;25;
14/12/23 07:53:02;Rue Camille Desmoulins, Saint-Martin-d'Hères;45.162991;5.767391;8.0;HAUT LE PIED;9;
14/12/23 07:53:06;Rue Camille Desmoulins, Saint-Martin-d'Hères;45.16291;5.767417;14.0;HAUT LE PIED;12;
14/12/23 07:53:09;Rue Camille Desmoulins, Saint-Martin-d'Hères;45.162807;5.767371;17.0;HAUT LE PIED;16;
14/12/23 07:53:13;Rue Camille Desmoulins, Saint-Martin-d'Hères;45.16267;5.767335;13.0;HAUT LE PIED;9;
14/12/23 07:53:44;Rue Camille Desmoulins, Saint-Martin-d'Hères;45.162643;5.767444;0.0;ARRET;25;
14/12/23 07:54:03;Rue Camille Desmoulins, Saint-Martin-d'Hères;45.162598;5.767761;13.0;HAUT LE PIED;18;
14/12/23 07:54:08;Rue Camille Desmoulins, Saint-Martin-d'Hères;45.162548;5.767982;11.0;HAUT LE PIED;10;
14/12/23 07:54:11;Rue Antoine, Saint-Martin-d'Hères;45.16246;5.76802;14.0;HAUT LE PIED;19;
14/12/23 07:54:14;Rue Antoine, Saint-Martin-d'Hères;45.162323;5.767866;26.0;HAUT LE PIED;40;
14/12/23 07:54:21;Rue Doyen Gosse, Saint-Martin-d'Hères;45.162041;5.767549;14.0;HAUT LE PIED;11;
14/12/23 07:54:24;Rue Doyen Gosse, Saint-Martin-d'Hères;45.16206;5.767417;13.0;HAUT LE PIED;5;
14/12/23 07:54:54;Rue Doyen Gosse, Saint-Martin-d'Hères;45.162071;5.767351;0.0;ARRET;30;
14/12/23 07:55:18;Rue Doyen Gosse, Saint-Martin-d'Hères;45.162125;5.766977;20.0;HAUT LE PIED;24;
14/12/23 07:55:49;Rue Doyen Gosse, Saint-Martin-d'Hères;45.16214;5.766676;0.0;ARRET;29;
14/12/23 07:56:49;Rue Doyen Gosse, Saint-Martin-d'Hères;45.162163;5.766304;18.0;HAUT LE PIED;44;
14/12/23 07:57:19;Rue Doyen Gosse, Saint-Martin-d'Hères;45.162239;5.765751;0.0;ARRET;29;
14/12/23 07:57:40;Rue Doyen Gosse, Saint-Martin-d'Hères;45.1623;5.765391;20.0;HAUT LE PIED;136;
14/12/23 07:58:10;Rue Doyen Gosse, Saint-Martin-d'Hères;45.162533;5.763691;21.0;HAUT LE PIED;16;
14/12/23 07:58:17;Inconnu, Saint-Martin-d'Hères;45.162624;5.763531;8.0;HAUT LE PIED;29;
14/12/23 07:58:47;Inconnu, Saint-Martin-d'Hères;45.162872;5.763623;21.0;HAUT LE PIED;17;
14/12/23 07:58:51;Inconnu, Saint-Martin-d'Hères;45.163021;5.763662;12.0;HAUT LE PIED;9;
14/12/23 07:59:00;Inconnu, Saint-Martin-d'Hères;45.16304;5.763556;;MARCHE ARRIERE;5;
14/12/23 07:59:06;Inconnu, Saint-Martin-d'Hères;45.163013;5.7636;;ARRET;3;
14/12/23 07:59:22;Inconnu, Saint-Martin-d'Hères;45.163017;5.763632;0.0;ARRET;26;
14/12/23 08:00:00;Avenue Jacques Prévert, Saint-Martin-d'Hères;45.163235;5.763752;25.0;HAUT LE PIED;232;
14/12/23 08:00:29;Avenue Jacques Prévert, Saint-Martin-d'Hères;45.164986;5.765369;29.0;HAUT LE PIED;75;
14/12/23 08:00:53;Avenue Jacques Prévert, Saint-Martin-d'Hères;45.165527;5.765929;17.0;HAUT LE PIED;15;
14/12/23 08:00:55;Avenue Romain Rolland, Saint-Martin-d'Hères;45.165447;5.766078;15.0;HAUT LE PIED;8;
14/12/23 08:01:26;Inconnu, Saint-Martin-d'Hères;45.165382;5.766128;0.0;ARRET;26;
14/12/23 08:02:01;Avenue Romain Rolland, Saint-Martin-d'Hères;45.165188;5.766309;11.0;HAUT LE PIED;5;
14/12/23 08:02:32;Avenue Romain Rolland, Saint-Martin-d'Hères;45.165142;5.766315;0.0;ARRET;31;
14/12/23 08:03:23;Avenue Romain Rolland, Saint-Martin-d'Hères;45.164921;5.766556;6.0;HAUT LE PIED;25;
14/12/23 08:03:54;Avenue Romain Rolland, Saint-Martin-d'Hères;45.164864;5.766862;0.0;ARRET;28;
14/12/23 08:04:24;Avenue Romain Rolland, Saint-Martin-d'Hères;45.164761;5.767188;13.0;HAUT LE PIED;14;
14/12/23 08:04:55;Place de la Liberté, Saint-Martin-d'Hères;45.164707;5.767343;0.0;ARRET;29;
14/12/23 08:06:21;Place de la Liberté, Saint-Martin-d'Hères;45.164619;5.767695;6.0;HAUT LE PIED;20;
14/12/23 08:06:52;Place de la Liberté, Saint-Martin-d'Hères;45.164539;5.767919;0.0;ARRET;25;
14/12/23 08:07:44;Rue Antoine, Saint-Martin-d'Hères;45.164402;5.768171;6.0;HAUT LE PIED;32;
14/12/23 08:07:53;Rue Antoine, Saint-Martin-d'Hères;45.164124;5.76807;10.0;HAUT LE PIED;39;
14/12/23 08:08:24;Rue Antoine, Saint-Martin-d'Hères;45.163776;5.768084;20.0;HAUT LE PIED;69;
14/12/23 08:08:54;Rue Antoine, Saint-Martin-d'Hères;45.163158;5.768123;27.0;HAUT LE PIED;63;
14/12/23 08:09:22;Rue Antoine, Saint-Martin-d'Hères;45.162594;5.768041;20.0;HAUT LE PIED;20;
14/12/23 08:09:52;Rue Antoine, Saint-Martin-d'Hères;45.162426;5.767937;0.0;ARRET;138;
14/12/23 08:10:26;Rue Antoine, Saint-Martin-d'Hères;45.16132;5.767134;6.0;HAUT LE PIED;109;
14/12/23 08:10:47;Rue Antoine, Saint-Martin-d'Hères;45.160439;5.766522;14.0;HAUT LE PIED;9;
14/12/23 08:10:50;Inconnu, Saint-Martin-d'Hères;45.160385;5.766615;9.0;HAUT LE PIED;5;
14/12/23 08:11:21;Inconnu, Saint-Martin-d'Hères;45.16037;5.766679;0.0;ARRET;0;
14/12/23 08:11:40;Inconnu, Saint-Martin-d'Hères;45.16037;5.76668;;MARCHE ARRIERE;13;
14/12/23 08:12:01;Inconnu, Saint-Martin-d'Hères;45.160416;5.766532;;ARRET;25;
14/12/23 08:12:13;Rue Antoine, Saint-Martin-d'Hères;45.160625;5.766634;15.0;HAUT LE PIED;56;
14/12/23 08:12:35;Rue Clara Zetkin, Saint-Martin-d'Hères;45.161095;5.766901;8.0;HAUT LE PIED;10;
14/12/23 08:12:38;Rue Clara Zetkin, Saint-Martin-d'Hères;45.161125;5.766784;15.0;HAUT LE PIED;51;
14/12/23 08:12:46;Rue Clara Zetkin, Saint-Martin-d'Hères;45.161247;5.766155;22.0;HAUT LE PIED;18;
14/12/23 08:12:49;Rue Clara Zetkin, Saint-Martin-d'Hères;45.16116;5.76596;21.0;HAUT LE PIED;12;
14/12/23 08:12:52;Rue Clara Zetkin, Saint-Martin-d'Hères;45.161106;5.765828;10.0;HAUT LE PIED;7;
14/12/23 08:13:23;Rue Clara Zetkin, Saint-Martin-d'Hères;45.161133;5.765742;0.0;ARRET;27;
14/12/23 08:13:32;Rue Clara Zetkin, Saint-Martin-d'Hères;45.161331;5.765536;15.0;HAUT LE PIED;10;
14/12/23 08:14:03;Rue Clara Zetkin, Saint-Martin-d'Hères;45.161362;5.765422;0.0;ARRET;26;
14/12/23 08:14:17;Rue Clara Zetkin, Saint-Martin-d'Hères;45.1614;5.765094;17.0;HAUT LE PIED;19;
14/12/23 08:14:21;Rue Clara Zetkin, Saint-Martin-d'Hères;45.161434;5.76486;11.0;HAUT LE PIED;5;
14/12/23 08:14:52;Rue Clara Zetkin, Saint-Martin-d'Hères;45.161446;5.764799;0.0;ARRET;28;
14/12/23 08:15:07;Rue Clara Zetkin, Saint-Martin-d'Hères;45.161629;5.764552;15.0;HAUT LE PIED;10;
14/12/23 08:15:10;Rue Clara Zetkin, Saint-Martin-d'Hères;45.161591;5.764437;8.0;HAUT LE PIED;29;
14/12/23 08:15:20;Rue Clara Zetkin, Saint-Martin-d'Hères;45.161518;5.764088;24.0;HAUT LE PIED;30;
14/12/23 08:15:51;Rue Clara Zetkin, Saint-Martin-d'Hères;45.16169;5.763794;0.0;ARRET;27;
14/12/23 08:16:27;Rue Clara Zetkin, Saint-Martin-d'Hères;45.161896;5.763614;20.0;HAUT LE PIED;18;
14/12/23 08:16:30;Rue Clara Zetkin, Saint-Martin-d'Hères;45.162022;5.763465;24.0;HAUT LE PIED;38;
14/12/23 08:16:36;Rue Clara Zetkin, Saint-Martin-d'Hères;45.162132;5.763005;18.0;HAUT LE PIED;42;
14/12/23 08:16:57;Avenue Jacques Prévert, Saint-Martin-d'Hères;45.162018;5.762496;18.0;HAUT LE PIED;16;
14/12/23 08:17:00;Inconnu, Saint-Martin-d'Hères;45.161892;5.762398;17.0;HAUT LE PIED;157;
14/12/23 08:17:30;Avenue Henri Dunant, Saint-Martin-d'Hères;45.160675;5.761397;27.0;HAUT LE PIED;16;
14/12/23 08:17:33;Avenue Henri Dunant, Saint-Martin-d'Hères;45.160564;5.761267;15.0;HAUT LE PIED;14;
14/12/23 08:17:36;Rue Jean-Philippe Rameau, Poisat;45.160572;5.761094;21.0;HAUT LE PIED;121;
14/12/23 08:17:50;Rue Jean-Philippe Rameau, Poisat;45.161125;5.75977;28.0;HAUT LE PIED;20;
14/12/23 08:17:53;Rue Hector Berlioz, Poisat;45.161217;5.759552;22.0;HAUT LE PIED;21;
14/12/23 08:17:56;Rue Jean-Philippe Rameau, Poisat;45.161278;5.7593;27.0;HAUT LE PIED;33;
14/12/23 08:18:02;Rue Jean-Philippe Rameau, Poisat;45.161354;5.758887;12.0;HAUT LE PIED;11;
14/12/23 08:18:05;Rue Jean-Philippe Rameau, Saint-Martin-d'Hères;45.161446;5.758827;16.0;HAUT LE PIED;25;
14/12/23 08:18:10;Rue Jean-Philippe Rameau, Saint-Martin-d'Hères;45.161652;5.758714;13.0;HAUT LE PIED;9;
14/12/23 08:18:13;Rue Lénine, Saint-Martin-d'Hères;45.161674;5.75861;11.0;HAUT LE PIED;10;
14/12/23 08:18:17;Rue Lénine, Saint-Martin-d'Hères;45.16161;5.758514;9.0;HAUT LE PIED;9;
14/12/23 08:18:48;Rue Lénine, Saint-Martin-d'Hères;45.16156;5.758425;0.0;ARRET;30;
14/12/23 08:19:45;Rue Lénine, Saint-Martin-d'Hères;45.161362;5.758173;22.0;HAUT LE PIED;54;
14/12/23 08:20:16;Rue Lénine, Saint-Martin-d'Hères;45.161011;5.757697;0.0;ARRET;27;
14/12/23 08:20:55;Rue Lénine, Saint-Martin-d'Hères;45.160824;5.75747;21.0;HAUT LE PIED;36;
14/12/23 08:21:26;Rue Lénine, Saint-Martin-d'Hères;45.160568;5.757181;0.0;ARRET;30;
14/12/23 08:22:17;Rue Lénine, Saint-Martin-d'Hères;45.16037;5.756918;25.0;HAUT LE PIED;25;
14/12/23 08:22:31;D 269A, Saint-Martin-d'Hères;45.160248;5.756647;12.0;HAUT LE PIED;12;
14/12/23 08:22:34;D 269A, Saint-Martin-d'Hères;45.160324;5.756535;19.0;HAUT LE PIED;51;
14/12/23 08:23:05;Avenue Teisseire, Saint-Martin-d'Hères;45.160629;5.756045;0.0;ARRET;48;
14/12/23 08:26:27;Rue du Pré Blanchet, Saint-Martin-d'Hères;45.160923;5.755592;32.0;HAUT LE PIED;320;
14/12/23 08:26:57;Avenue Marcel Cachin, Saint-Martin-d'Hères;45.162846;5.752564;22.0;HAUT LE PIED;93;
14/12/23 08:27:17;Avenue Marcel Cachin, Saint-Martin-d'Hères;45.163403;5.751684;10.0;HAUT LE PIED;8;
14/12/23 08:27:20;Rue Beethoven, Saint-Martin-d'Hères;45.163452;5.751753;10.0;HAUT LE PIED;12;
14/12/23 08:27:27;Rue Beethoven, Saint-Martin-d'Hères;45.163391;5.751886;8.0;HAUT LE PIED;11;
14/12/23 08:27:34;Rue Émile Zola, Saint-Martin-d'Hères;45.163349;5.752006;;MARCHE ARRIERE;1;
14/12/23 08:27:37;Rue Beethoven, Saint-Martin-d'Hères;45.163345;5.751991;;ARRET;3;
14/12/23 08:27:47;Rue Beethoven, Saint-Martin-d'Hères;45.163353;5.751961;;MOTEUR OFF;0;
14/12/23 08:27:58;Rue Beethoven, Saint-Martin-d'Hères;45.163349;5.751962;0.0;MOTEUR OFF;3;
14/12/23 09:21:01;Rue Beethoven, Saint-Martin-d'Hères;45.163364;5.751989;;ARRET;49;
14/12/23 09:22:11;Rue Émile Zola, Saint-Martin-d'Hères;45.163635;5.752477;27.0;HAUT LE PIED;174;
14/12/23 09:22:42;Rue Émile Zola, Saint-Martin-d'Hères;45.164783;5.753985;6.0;HAUT LE PIED;61;
14/12/23 09:22:57;Rue Victor Hugo, Saint-Martin-d'Hères;45.165195;5.754491;20.0;HAUT LE PIED;17;
14/12/23 09:23:00;Rue George Sand, Saint-Martin-d'Hères;45.165329;5.754399;24.0;HAUT LE PIED;130;
14/12/23 09:23:18;Rue George Sand, Saint-Martin-d'Hères;45.166126;5.753184;26.0;HAUT LE PIED;19;
14/12/23 09:23:21;Rue George Sand, Saint-Martin-d'Hères;45.166294;5.753117;19.0;HAUT LE PIED;10;
14/12/23 09:23:52;Inconnu, Saint-Martin-d'Hères;45.166382;5.753089;0.0;ARRET;28;
14/12/23 09:24:01;Avenue de Zella Mehlis, Saint-Martin-d'Hères;45.166637;5.753111;23.0;HAUT LE PIED;251;
14/12/23 09:24:27;Avenue de Zella Mehlis, Saint-Martin-d'Hères;45.168297;5.75527;11.0;HAUT LE PIED;27;
14/12/23 09:24:40;Boulevard Dulcie September, Saint-Martin-d'Hères;45.16832;5.75561;21.0;HAUT LE PIED;20;
14/12/23 09:24:43;Boulevard Dulcie September, Saint-Martin-d'Hères;45.168194;5.755795;29.0;HAUT LE PIED;294;
14/12/23 09:25:14;Boulevard Dulcie September, Saint-Martin-d'Hères;45.1661;5.758082;15.0;HAUT LE PIED;15;
14/12/23 09:25:17;Inconnu, Saint-Martin-d'Hères;45.166122;5.758269;22.0;HAUT LE PIED;20;
14/12/23 09:25:20;Inconnu, Saint-Martin-d'Hères;45.166271;5.758402;28.0;HAUT LE PIED;478;
14/12/23 09:25:50;Rocade Sud, Saint-Martin-d'Hères;45.17004;5.761325;69.0;HAUT LE PIED;262;
14/12/23 09:26:03;Rocade Sud, Saint-Martin-d'Hères;45.171944;5.763288;76.0;HAUT LE PIED;382;
14/12/23 09:26:21;Rocade Sud, Saint-Martin-d'Hères;45.174492;5.766547;78.0;HAUT LE PIED;329;
14/12/23 09:26:36;Rocade Sud, Saint-Martin-d'Hères;45.176388;5.769768;79.0;HAUT LE PIED;357;
14/12/23 09:26:53;Rocade Sud, Saint-Martin-d'Hères;45.178246;5.773482;78.0;HAUT LE PIED;315;
14/12/23 09:27:08;Rocade Sud, Saint-Martin-d'Hères;45.180065;5.776567;67.0;HAUT LE PIED;271;
14/12/23 09:27:21;D 523, Saint-Martin-d'Hères;45.181942;5.778773;79.0;HAUT LE PIED;252;
14/12/23 09:27:32;Rocade Sud, Saint-Martin-d'Hères;45.183918;5.780331;83.0;HAUT LE PIED;243;
14/12/23 09:27:43;Rocade Sud, Gières;45.18597;5.781379;72.0;HAUT LE PIED;237;
14/12/23 09:27:55;Rocade Sud, Gières;45.188065;5.781929;69.0;HAUT LE PIED;359;
14/12/23 09:28:13;Pont de la Rocade Sud, Meylan;45.191288;5.782112;72.0;HAUT LE PIED;474;
14/12/23 09:28:34;Rocade Sud, Meylan;45.195549;5.781892;86.0;HAUT LE PIED;241;
14/12/23 09:28:44;Rocade Sud, Meylan;45.197632;5.78105;85.0;HAUT LE PIED;159;
14/12/23 09:28:51;Rocade Sud, Meylan;45.199032;5.78064;79.0;HAUT LE PIED;110;
14/12/23 09:28:56;Rocade Sud, Meylan;45.200012;5.780788;79.0;HAUT LE PIED;179;
14/12/23 09:29:04;Rocade Sud, Meylan;45.201523;5.781572;81.0;HAUT LE PIED;465;
14/12/23 09:29:29;Rocade Sud, Meylan;45.205391;5.783825;53.0;HAUT LE PIED;43;
14/12/23 09:29:32;Rocade Sud, Meylan;45.205647;5.784233;50.0;HAUT LE PIED;38;
14/12/23 09:29:35;Rocade Sud, Meylan;45.205761;5.784692;44.0;HAUT LE PIED;35;
14/12/23 09:29:38;Rocade Sud, Meylan;45.205715;5.785131;39.0;HAUT LE PIED;32;
14/12/23 09:29:41;Rocade Sud, Meylan;45.205524;5.785433;42.0;HAUT LE PIED;30;
14/12/23 09:29:44;Rocade Sud, Meylan;45.205254;5.785479;37.0;HAUT LE PIED;30;
14/12/23 09:29:47;Rocade Sud, Meylan;45.205017;5.785299;35.0;HAUT LE PIED;30;
14/12/23 09:29:50;Hélice de Meylan, Meylan;45.204884;5.784961;39.0;HAUT LE PIED;422;
14/12/23 09:30:17;A 41, Meylan;45.203979;5.779737;69.0;HAUT LE PIED;672;
14/12/23 09:30:48;A 41, Meylan;45.202766;5.771343;69.0;HAUT LE PIED;673;
14/12/23 09:31:19;A 41, Meylan;45.201527;5.76294;85.0;HAUT LE PIED;342;
14/12/23 09:31:38;Avenue de Verdun, Meylan;45.200855;5.758688;33.0;HAUT LE PIED;20;
14/12/23 09:31:41;Inconnu, La Tronche;45.200764;5.758464;22.0;HAUT LE PIED;14;
14/12/23 09:31:44;Inconnu, La Tronche;45.200634;5.758457;17.0;HAUT LE PIED;7;
14/12/23 09:32:15;Inconnu, La Tronche;45.200607;5.758536;0.0;ARRET;26;
14/12/23 09:32:27;Inconnu, La Tronche;45.200489;5.758815;20.0;HAUT LE PIED;50;
14/12/23 09:32:35;Chemin de la Tuilerie, La Tronche;45.200241;5.759353;34.0;HAUT LE PIED;106;
14/12/23 09:32:46;Chemin de la Tuilerie, La Tronche;45.199501;5.760213;38.0;HAUT LE PIED;147;
14/12/23 09:33:00;Chemin de la Tuilerie, La Tronche;45.198318;5.761034;15.0;HAUT LE PIED;12;
14/12/23 09:33:03;Chemin de la Tuilerie, La Tronche;45.198231;5.760939;16.0;HAUT LE PIED;12;
14/12/23 09:33:06;Inconnu, La Tronche;45.19828;5.7608;19.0;HAUT LE PIED;56;
14/12/23 09:33:13;Inconnu, La Tronche;45.198757;5.760582;27.0;HAUT LE PIED;24;
14/12/23 09:33:16;Chemin de la Tuilerie, La Tronche;45.198963;5.760477;29.0;HAUT LE PIED;46;
14/12/23 09:33:22;Inconnu, La Tronche;45.199314;5.760157;28.0;HAUT LE PIED;22;
14/12/23 09:33:25;Inconnu, La Tronche;45.199356;5.759882;28.0;HAUT LE PIED;53;
14/12/23 09:33:32;Chemin de la Tuilerie, La Tronche;45.199265;5.759221;31.0;HAUT LE PIED;105;
14/12/23 09:33:44;Inconnu, La Tronche;45.19891;5.757974;19.0;HAUT LE PIED;13;
14/12/23 09:33:47;Inconnu, La Tronche;45.198792;5.757941;12.0;HAUT LE PIED;5;
14/12/23 09:34:18;Inconnu, La Tronche;45.198803;5.757997;0.0;ARRET;27;
14/12/23 09:35:07;Inconnu, La Tronche;45.198566;5.758095;6.0;HAUT LE PIED;35;
14/12/23 09:35:16;Inconnu, La Tronche;45.198265;5.758225;12.0;HAUT LE PIED;34;
14/12/23 09:35:23;Inconnu, La Tronche;45.19796;5.758226;17.0;HAUT LE PIED;24;
14/12/23 09:35:27;Inconnu, La Tronche;45.197773;5.758366;21.0;HAUT LE PIED;53;
14/12/23 09:35:35;Inconnu, La Tronche;45.197433;5.758842;24.0;HAUT LE PIED;20;
14/12/23 09:35:38;Inconnu, La Tronche;45.197411;5.759094;28.0;HAUT LE PIED;22;
14/12/23 09:35:41;Inconnu, La Tronche;45.197479;5.75936;25.0;HAUT LE PIED;34;
14/12/23 09:35:46;Inconnu, La Tronche;45.197636;5.759734;22.0;HAUT LE PIED;18;
14/12/23 09:35:50;Inconnu, La Tronche;45.197762;5.759877;12.0;HAUT LE PIED;17;
14/12/23 09:36:20;Inconnu, La Tronche;45.197903;5.759949;0.0;VIDAGE;5;
14/12/23 09:37:49;Inconnu, La Tronche;45.197933;5.75991;;MARCHE ARRIERE;2;
14/12/23 09:37:56;Inconnu, La Tronche;45.197948;5.759916;;VIDAGE;3;
14/12/23 09:38:19;Inconnu, La Tronche;45.197971;5.759931;;MARCHE ARRIERE;1;
14/12/23 09:38:23;Inconnu, La Tronche;45.19796;5.759937;;VIDAGE;15;
14/12/23 09:40:07;Inconnu, La Tronche;45.198097;5.759911;;MARCHE ARRIERE;8;
14/12/23 09:40:33;;45.198166;5.75991;;VIDAGE;59;
14/12/23 09:43:06;Inconnu, La Tronche;45.197651;5.759732;20.0;HAUT LE PIED;22;
14/12/23 09:43:09;Inconnu, La Tronche;45.197567;5.759475;22.0;HAUT LE PIED;41;
14/12/23 09:43:15;Inconnu, La Tronche;45.197472;5.758971;24.0;HAUT LE PIED;21;
14/12/23 09:43:18;Inconnu, La Tronche;45.197559;5.75873;27.0;HAUT LE PIED;57;
14/12/23 09:43:26;Inconnu, La Tronche;45.197948;5.758266;22.0;HAUT LE PIED;20;
14/12/23 09:43:29;Inconnu, La Tronche;45.198128;5.758251;24.0;HAUT LE PIED;34;
14/12/23 09:43:36;Inconnu, La Tronche;45.198429;5.758262;14.0;HAUT LE PIED;34;
14/12/23 09:44:06;Inconnu, La Tronche;45.198704;5.758074;0.0;ARRET;28;
14/12/23 09:44:22;Inconnu, La Tronche;45.198872;5.757802;19.0;HAUT LE PIED;27;
14/12/23 09:44:27;Chemin de la Tuilerie, La Tronche;45.198784;5.757475;21.0;HAUT LE PIED;79;
14/12/23 09:44:58;Inconnu, La Tronche;45.198421;5.756608;0.0;DEPOT;26;
14/12/23 09:45:44;Inconnu, La Tronche;45.198315;5.756319;12.0;HAUT LE PIED;10;
14/12/23 09:45:47;Inconnu, La Tronche;45.198227;5.756332;12.0;HAUT LE PIED;14;
14/12/23 09:46:12;Inconnu, La Tronche;45.198212;5.756509;;DEPOT;5;
14/12/23 09:46:17;Inconnu, La Tronche;45.198231;5.756458;0.0;DEPOT;23;
14/12/23 09:46:36;Inconnu, La Tronche;45.198185;5.756178;;DEPOT;3;
14/12/23 09:46:46;;45.198162;5.75617;;DEPOT;0;
